6 13 1 14 19 6 1 5 9 0
9 6 0 16 18 6 6 4 3 5
12 9 2 11 8 4 6 3 3 7
11 14 10 5 1 3 9 2 9 5
0 2 8 19 5 4 3 7 0 9
16 2 5 10 18 3 3 9 2 5
15 16 7 15 5 7 3 8 7 9
14 4 9 9 5 9 6 6 6 9
8 7 16 5 17 7 8 3 9 2
3 11 13 14 8 5 3 1 9 7
2 16 11 12 4 3 3 3 4 6
13 5 15 11 11 1 9 7 3 3
3 11 17 3 5 5 3 2 5 9
5 12 4 9 12 9 4 6 6 4
4 14 8 12 8 6 9 7 4 7
4 2 11 6 11 6 3 3 6 3
19 9 9 5 10 0 6 6 9 2
12 15 15 10 11 4 7 7 2 3
19 12 0 5 12 0 4 4 9 4
2 16 2 18 4 3 3 3 5 6
5 19 6 5 15 9 0 6 9 7
5 11 6 14 8 9 3 6 9 7
9 17 19 1 19 6 2 0 5 0
10 15 9 14 18 2 7 6 9 5
18 4 0 18 15 5 6 4 5 7